1009,1
1027,2
1037,3
1059,4
1072,5
1083,6
1094,7
1105,8
1119,9
1201,10
1229,11
1244,12
1258,13
1301,14
1343,15
1364,16
1379,17
1440,18
1464,19
1475,20
1510,21
1525,22
1537,23
1560,24
1581,25
1604,26
1613,27
1705,28
1745,29
1770,30
1810,31
1831,32
1845,33
1864,34
1888,35
1908,36
1937,37
1961,38
2018,39
2038,40
2052,41
2066,42
2110,43
2120,44
2130,45
2140,46
2152,47
2184,48
2201,49
2222,50
2301,51
2331,52
2344,53
2357,54
2370,55
2447,56
2460,57
2472,58
2492,59
2538,60
2556,61
2571,62
2633,63
2644,64
2653,65
2666,66
2702,67
2721,68
2742,69
2762,70
2779,71
2808,72
2823,73
2833,74
2852,75
2865,76
2879,77
2891,78
2903,79
2912,80
2940,81
3041,82
3051,83
3063,84
3084,85
3108,86
3222,87
3233,88
3245,89
3257,90
3269,91
3284,92
3302,93
3443,94
3455,95
3467,96
3580,97
3592,98
3607,99
3750,100
3769,101
3784,102
3813,103
3823,104
3836,105
3845,106
3855,107
3865,108
3875,109
3896,110
3909,111
4008,112
4019,113
4033,114
4047,115
4062,116
4074,117
4086,118
4097,119
4108,120
4211,121
4225,122
4239,123
4256,124
4266,125
4282,126
4294,127
4345,128
4355,129
4408,130
4418,131
4430,132
4449,133
4461,134
4475,135
4490,136
4538,137
4554,138
4571,139
4607,140
4623,141
4635,142
4649,143
4662,144
4674,145
4686,146
4736,147
4745,148
4761,149
4773,150
4785,151
4852,152
4863,153
4918,154
4929,155
4941,156
4953,157
4964,158
4975,159
4987,160
5034,161
5045,162
5054,163
5068,164
5079,165
5141,166
5154,167
5252,168
5302,169
5350,170
5359,171
5405,172
5444,173
5453,174
5462,175
5472,176
5483,177
5494,178
5620,179
5653,180
5663,181
5673,182
5682,183
5737,184
5746,185
5761,186
5772,187
5822,188
5833,189
5846,190
5858,191
5871,192
5906,193
6019,194
6028,195
6039,196
6053,197
6065,198
6074,199
6084,200
6094,201
6107,202
6118,203
6132,204
6145,205
6160,206
6232,207
6244,208
6255,209
6267,210
6320,211
6339,212
6360,213
6378,214
6389,215
6412,216
6423,217
6444,218
6461,219
6475,220
6488,221
6502,222
6511,223
6521,224
6536,225
6607,226
6702,227
6721,228
6752,229
6763,230
6784,231
6795,232
6814,233
6836,234
6857,235
6880,236
6903,237
6920,238
7006,239
7016,240
7027,241
7039,242
7051,243
7063,244
7073,245
7083,246
7096,247
7109,248
7193,249
7207,250
7311,251
7418,252
7435,253
7452,254
7474,255
7507,256
7533,257
7607,258
7632,259
7649,260
7666,261
7704,262
7720,263
7732,264
7748,265
7760,266
7820,267
7831,268
7843,269
7853,270
7871,271
7885,272
7928,273
7940,274
7976,275
8004,276
8015,277
8027,278
8037,279
8050,280
8060,281
8069,282
8079,283
8090,284
8101,285
8201,286
8215,287
8230,288
8245,289
8310,290
8319,291
8329,292
8347,293
8401,294
8505,295
8527,296
8543,297
8559,298
8607,299
8638,300
8690,301
8731,302
8742,303
8759,304
8812,305
8825,306
8834,307
8852,308
8863,309
8876,310
8889,311
8989,312
10010,313
10021,314
10031,315
10041,316
10081,317
10108,318
10118,319
10129,320
10154,321
10164,322
10174,323
10212,324
10268,325
10278,326
10303,327
10312,328
10459,329
10470,330
10505,331
10517,332
10527,333
10540,334
10550,335
10570,336
10588,337
10601,338
10702,339
10801,340
10913,341
10922,342
10933,343
10959,344
10974,345
10984,346
10994,347
11020,348
11042,349
11102,350
11204,351
11214,352
11224,353
11235,354
11249,355
11358,356
11368,357
11379,358
11414,359
11423,360
11433,361
11510,362
11548,363
11558,364
11570,365
11582,366
11694,367
11707,368
11720,369
11731,370
11742,371
11756,372
11767,373
11777,374
11789,375
11801,376
11932,377
11944,378
11955,379
11964,380
11975,381
12015,382
12025,383
12037,384
12051,385
12060,386
12069,387
12078,388
12092,389
12117,390
12130,391
12140,392
12153,393
12164,394
12174,395
12186,396
12196,397
12208,398
12226,399
12237,400
12248,401
12301,402
12325,403
12411,404
12422,405
12434,406
12446,407
12456,408
12468,409
12481,410
12492,411
12506,412
12516,413
12526,414
12538,415
12549,416
12566,417
12577,418
12589,419
12719,420
12729,421
12742,422
12752,423
12766,424
12778,425
12788,426
12810,427
12821,428
12834,429
12844,430
12853,431
12862,432
12874,433
12910,434
12919,435
12929,436
12942,437
12955,438
12966,439
12977,440
12989,441
13024,442
13035,443
13051,444
13064,445
13077,446
13090,447
13111,448
13121,449
13137,450
13147,451
13159,452
13203,453
13214,454
13244,455
13305,456
13318,457
13328,458
13339,459
13353,460
13365,461
13409,462
13421,463
13438,464
13456,465
13470,466
13482,467
13492,468
13601,469
13613,470
13622,471
13632,472
13641,473
13651,474
13661,475
13671,476
13680,477
13692,478
13732,479
13744,480
13753,481
13774,482
13787,483
13804,484
13815,485
13838,486
13847,487
13863,488
14005,489
14024,490
14034,491
14047,492
14060,493
14072,494
14094,495
14110,496
14131,497
14143,498
14170,499
14206,500
14217,501
14228,502
14269,503
14305,504
14423,505
14437,506
14461,507
14472,508
14486,509
14510,510
14520,511
14534,512
14546,513
14558,514
14580,515
14604,516
14614,517
14624,518
14647,519
14706,520
14717,521
14727,522
14737,523
14747,524
14757,525
14777,526
14787,527
14809,528
14820,529
14836,530
14847,531
14859,532
14872,533
14883,534
14895,535
15004,536
15017,537
15027,538
15038,539
15052,540
15062,541
15072,542
15084,543
15096,544
15120,545
15134,546
15145,547
15206,548
15215,549
15224,550
15233,551
15242,552
15257,553
15268,554
15281,555
15311,556
15322,557
15333,558
15344,559
15357,560
15366,561
15401,562
15421,563
15431,564
15442,565
15454,566
15464,567
15475,568
15486,569
15522,570
15539,571
15550,572
15560,573
15610,574
15620,575
15629,576
15639,577
15656,578
15668,579
15678,580
15687,581
15697,582
15716,583
15728,584
15739,585
15753,586
15763,587
15775,588
15801,589
15832,590
15853,591
15870,592
15921,593
15931,594
15945,595
15957,596
16016,597
16028,598
16040,599
16054,600
16101,601
16113,602
16127,603
16142,604
16156,605
16212,606
16225,607
16238,608
16250,609
16261,610
16317,611
16332,612
16346,613
16364,614
16374,615
16410,616
16423,617
16435,618
16503,619
16522,620
16601,621
16622,622
16635,623
16647,624
16659,625
16668,626
16678,627
16691,628
16725,629
16735,630
16801,631
16825,632
16836,633
16848,634
16858,635
16870,636
16879,637
16920,638
16932,639
16943,640
17005,641
17016,642
17025,643
17036,644
17046,645
17055,646
17064,647
17073,648
17084,649
17097,650
17107,651
17122,652
17177,653
17217,654
17229,655
17240,656
17252,657
17263,658
17302,659
17314,660
17324,661
17340,662
17354,663
17366,664
17406,665
17508,666
17527,667
17538,668
17554,669
17567,670
17580,671
17604,672
17702,673
17728,674
17744,675
17756,676
17771,677
17812,678
17829,679
17840,680
17851,681
17862,682
17877,683
17888,684
17930,685
17943,686
17954,687
17967,688
17981,689
18013,690
18031,691
18041,692
18054,693
18066,694
18076,695
18086,696
18104,697
18214,698
18229,699
18241,700
18252,701
18323,702
18334,703
18346,704
18355,705
18407,706
18420,707
18434,708
18445,709
18456,710
18466,711
18504,712
18518,713
18614,714
18624,715
18635,716
18655,717
18704,718
18764,719
18813,720
18823,721
18832,722
18846,723
18911,724
18922,725
18933,726
18947,727
18960,728
18972,729
19003,730
19014,731
19023,732
19033,733
19043,734
19055,735
19067,736
19080,737
19091,738
19102,739
19110,740
19119,741
19127,742
19135,743
19143,744
19151,745
19170,746
19179,747
19190,748
19244,749
19320,750
19343,751
19353,752
19367,753
19381,754
19403,755
19422,756
19435,757
19446,758
19462,759
19477,760
19493,761
19508,762
19525,763
19540,764
19554,765
19603,766
19702,767
19713,768
19730,769
19803,770
19880,771
19895,772
19906,773
19943,774
19955,775
19968,776
20001,777
20008,778
20016,779
20026,780
20036,781
20043,782
20053,783
20061,784
20068,785
20076,786
20101,787
20111,788
20121,789
20135,790
20144,791
20156,792
20169,793
20182,794
20194,795
20204,796
20213,797
20220,798
20228,799
20238,800
20250,801
20266,802
20303,803
20330,804
20374,805
20391,806
20402,807
20409,808
20416,809
20424,810
20433,811
20441,812
20460,813
20501,814
20508,815
20522,816
20529,817
20537,818
20544,819
20553,820
20566,821
20577,822
20590,823
20603,824
20613,825
20623,826
20634,827
20650,828
20664,829
20682,830
20693,831
20707,832
20717,833
20726,834
20740,835
20748,836
20757,837
20770,838
20778,839
20788,840
20811,841
20825,842
20842,843
20855,844
20872,845
20883,846
20896,847
20905,848
20914,849
21010,850
21027,851
21037,852
21050,853
21062,854
21084,855
21104,856
21122,857
21140,858
21157,859
21204,860
21212,861
21220,862
21229,863
21240,864
21273,865
21286,866
21402,867
21503,868
21529,869
21542,870
21601,871
21622,872
21632,873
21644,874
21655,875
21664,876
21673,877
21703,878
21716,879
21733,880
21749,881
21765,882
21776,883
21787,884
21798,885
21821,886
21838,887
21853,888
21867,889
21904,890
21920,891
22030,892
22039,893
22067,894
22107,895
22125,896
22159,897
22191,898
22204,899
22214,900
22240,901
22303,902
22312,903
22334,904
22407,905
22436,906
22456,907
22481,908
22509,909
22528,910
22545,911
22556,912
22578,913
22611,914
22637,915
22650,916
22701,917
22720,918
22731,919
22740,920
22802,921
22824,922
22841,923
22850,924
22905,925
22922,926
22940,927
22958,928
22972,929
23003,930
23022,931
23038,932
23059,933
23068,934
23084,935
23103,936
23113,937
23125,938
23140,939
23155,940
23173,941
23185,942
23220,943
23229,944
23238,945
23273,946
23286,947
23297,948
23310,949
23323,950
23341,951
23389,952
23407,953
23418,954
23429,955
23438,956
23452,957
23459,958
23466,959
23487,960
23508,961
23519,962
23604,963
23628,964
23667,965
23696,966
23709,967
23824,968
23836,969
23845,970
23867,971
23879,972
23891,973
23917,974
23934,975
23947,976
23963,977
24002,978
24011,979
24020,980
24030,981
24040,982
24060,983
24069,984
24084,985
24095,986
24115,987
24131,988
24142,989
24157,990
24177,991
24210,992
24224,993
24245,994
24266,995
24282,996
24315,997
24327,998
24352,999
24377,1000
24413,1001
24433,1002
24448,1003
24467,1004
24479,1005
24503,1006
24521,1007
24533,1008
24549,1009
24563,1010
24577,1011
24592,1012
24604,1013
24620,1014
24637,1015
24658,1016
24731,1017
24801,1018
24826,1019
24844,1020
24855,1021
24870,1022
24884,1023
24915,1024
24938,1025
24962,1026
24985,1027
25011,1028
25031,1029
25048,1030
25063,1031
25083,1032
25108,1033
25121,1034
25139,1035
25160,1036
25180,1037
25204,1038
25235,1039
25253,1040
25270,1041
25304,1042
25317,1043
25328,1044
25337,1045
25362,1046
25402,1047
25420,1048
25432,1049
25446,1050
25511,1051
25529,1052
25550,1053
25570,1054
25614,1055
25638,1056
25654,1057
25676,1058
25701,1059
25711,1060
25721,1061
25770,1062
25801,1063
25825,1064
25841,1065
25855,1066
25873,1067
25906,1068
25919,1069
25943,1070
25977,1071
26031,1072
26041,1073
26074,1074
26133,1075
26148,1076
26164,1077
26201,1078
26218,1079
26238,1080
26264,1081
26278,1082
26293,1083
26325,1084
26347,1085
26374,1086
26410,1087
26426,1088
26444,1089
26504,1090
26525,1091
26546,1092
26568,1093
26585,1094
26617,1095
26651,1096
26680,1097
26714,1098
26750,1099
26804,1100
26833,1101
26884,1102
27016,1103
27027,1104
27047,1105
27098,1106
27108,1107
27120,1108
27201,1109
27214,1110
27237,1111
27256,1112
27278,1113
27293,1114
27311,1115
27325,1116
27349,1117
27361,1118
27402,1119
27411,1120
27427,1121
27502,1122
27512,1123
27522,1124
27532,1125
27544,1126
27559,1127
27573,1128
27588,1129
27602,1130
27613,1131
27625,1132
27658,1133
27702,1134
27713,1135
27807,1136
27817,1137
27827,1138
27837,1139
27849,1140
27861,1141
27870,1142
27880,1143
27890,1144
27909,1145
27924,1146
27937,1147
27948,1148
27962,1149
27974,1150
28001,1151
28019,1152
28033,1153
28043,1154
28074,1155
28083,1156
28101,1157
28111,1158
28126,1159
28138,1160
28160,1161
28201,1162
28210,1163
28219,1164
28229,1165
28241,1166
28255,1167
28270,1168
28281,1169
28297,1170
28308,1171
28320,1172
28333,1173
28344,1174
28356,1175
28367,1176
28377,1177
28388,1178
28401,1179
28410,1180
28428,1181
28439,1182
28451,1183
28461,1184
28470,1185
28509,1186
28521,1187
28531,1188
28544,1189
28557,1190
28574,1191
28585,1192
28605,1193
28616,1194
28627,1195
28638,1196
28650,1197
28660,1198
28670,1199
28680,1200
28691,1201
28705,1202
28715,1203
28725,1204
28735,1205
28744,1206
28753,1207
28763,1208
28775,1209
28786,1210
28802,1211
28816,1212
29003,1213
29030,1214
29042,1215
29055,1216
29069,1217
29080,1218
29112,1219
29126,1220
29142,1221
29154,1222
29170,1223
29203,1224
29214,1225
29224,1226
29290,1227
29316,1228
29330,1229
29341,1230
29364,1231
29376,1232
29401,1233
29412,1234
29420,1235
29433,1236
29445,1237
29455,1238
29469,1239
29481,1240
29493,1241
29516,1242
29536,1243
29554,1244
29569,1245
29579,1246
29589,1247
29601,1248
29610,1249
29621,1250
29632,1251
29643,1252
29652,1253
29664,1254
29676,1255
29686,1256
29696,1257
29712,1258
29726,1259
29742,1260
29810,1261
29827,1262
29840,1263
29850,1264
29904,1265
29914,1266
29925,1267
29935,1268
30003,1269
30013,1270
30024,1271
30035,1272
30044,1273
30058,1274
30069,1275
30080,1276
30091,1277
30102,1278
30112,1279
30121,1280
30134,1281
30145,1282
30156,1283
30171,1284
30183,1285
30213,1286
30228,1287
30248,1288
30261,1289
30273,1290
30288,1291
30298,1292
30310,1293
30320,1294
30332,1295
30343,1296
30356,1297
30368,1298
30385,1299
30413,1300
30427,1301
30446,1302
30456,1303
30473,1304
30507,1305
30519,1306
30531,1307
30542,1308
30555,1309
30567,1310
30582,1311
30607,1312
30625,1313
30638,1314
30655,1315
30669,1316
30707,1317
30726,1318
30739,1319
30753,1320
30809,1321
30819,1322
30903,1323
30919,1324
31009,1325
31019,1326
31029,1327
31039,1328
31051,1329
31063,1330
31075,1331
31086,1332
31095,1333
31136,1334
31196,1335
31211,1336
31302,1337
31314,1338
31326,1339
31404,1340
31415,1341
31512,1342
31524,1343
31543,1344
31553,1345
31564,1346
31603,1347
31629,1348
31641,1349
31701,1350
31712,1351
31735,1352
31757,1353
31773,1354
31784,1355
31798,1356
31811,1357
31825,1358
31902,1359
31993,1360
32008,1361
32035,1362
32053,1363
32064,1364
32081,1365
32094,1366
32113,1367
32122,1368
32131,1369
32141,1370
32160,1371
32175,1372
32187,1373
32204,1374
32216,1375
32226,1376
32236,1377
32247,1378
32266,1379
32309,1380
32320,1381
32330,1382
32343,1383
32355,1384
32401,1385
32411,1386
32426,1387
32437,1388
32448,1389
32462,1390
32506,1391
32520,1392
32535,1393
32547,1394
32564,1395
32578,1396
32604,1397
32614,1398
32627,1399
32644,1400
32664,1401
32693,1402
32708,1403
32719,1404
32730,1405
32747,1406
32763,1407
32775,1408
32790,1409
32802,1410
32812,1411
32824,1412
32834,1413
32858,1414
32878,1415
32903,1416
32919,1417
32934,1418
32951,1419
32960,1420
32969,1421
33009,1422
33018,1423
33028,1424
33037,1425
33052,1426
33065,1427
33074,1428
33092,1429
33116,1430
33131,1431
33141,1432
33152,1433
33163,1434
33174,1435
33184,1436
33194,1437
33234,1438
33261,1439
33302,1440
33311,1441
33320,1442
33329,1443
33339,1444
33388,1445
33407,1446
33415,1447
33424,1448
33433,1449
33443,1450
33459,1451
33468,1452
33477,1453
33488,1454
33510,1455
33530,1456
33544,1457
33563,1458
33572,1459
33585,1460
33598,1461
33609,1462
33618,1463
33630,1464
33660,1465
33679,1466
33694,1467
33708,1468
33716,1469
33737,1470
33756,1471
33765,1472
33776,1473
33786,1474
33812,1475
33834,1476
33845,1477
33855,1478
33868,1479
33882,1480
33902,1481
33912,1482
33922,1483
33938,1484
33952,1485
33970,1486
33982,1487
34104,1488
34116,1489
34139,1490
34204,1491
34216,1492
34229,1493
34239,1494
34266,1495
34278,1496
34290,1497
34430,1498
34448,1499
34470,1500
34481,1501
34601,1502
34610,1503
34653,1504
34674,1505
34688,1506
34712,1507
34740,1508
34753,1509
34771,1510
34797,1511
34953,1512
34981,1513
34991,1514
35010,1515
35023,1516
35043,1517
35055,1518
35070,1519
35083,1520
35112,1521
35124,1522
35137,1523
35151,1524
35180,1525
35202,1526
35211,1527
35220,1528
35232,1529
35244,1530
35266,1531
35293,1532
35404,1533
35447,1534
35461,1535
35474,1536
35487,1537
35543,1538
35554,1539
35573,1540
35584,1541
35609,1542
35619,1543
35643,1544
35653,1545
35674,1546
35747,1547
35758,1548
35768,1549
35803,1550
35813,1551
35898,1552
35951,1553
35962,1554
35975,1555
35988,1556
36015,1557
36028,1558
36038,1559
36049,1560
36066,1561
36081,1562
36101,1563
36110,1564
36119,1565
36135,1566
36204,1567
36257,1568
36268,1569
36279,1570
36313,1571
36330,1572
36352,1573
36376,1574
36436,1575
36454,1576
36473,1577
36503,1578
36522,1579
36533,1580
36545,1581
36559,1582
36574,1583
36583,1584
36606,1585
36617,1586
36670,1587
36703,1588
36740,1589
36753,1590
36767,1591
36786,1592
36849,1593
36859,1594
36869,1595
36907,1596
36925,1597
37020,1598
37031,1599
37042,1600
37052,1601
37064,1602
37073,1603
37083,1604
37097,1605
37122,1606
37135,1607
37146,1608
37162,1609
37179,1610
37190,1611
37208,1612
37217,1613
37229,1614
37242,1615
37306,1616
37316,1617
37327,1618
37337,1619
37349,1620
37360,1621
37371,1622
37381,1623
37396,1624
37407,1625
37419,1626
37604,1627
37625,1628
37658,1629
37681,1630
37692,1631
37713,1632
37725,1633
37742,1634
37757,1635
37772,1636
37806,1637
37819,1638
37831,1639
37852,1640
37866,1641
37876,1642
37888,1643
37916,1644
37928,1645
37950,1646
38008,1647
38021,1648
38037,1649
38049,1650
38061,1651
38077,1652
38107,1653
38118,1654
38131,1655
38145,1656
38167,1657
38186,1658
38222,1659
38235,1660
38255,1661
38302,1662
38317,1663
38331,1664
38342,1665
38356,1666
38368,1667
38379,1668
38393,1669
38455,1670
38469,1671
38482,1672
38505,1673
38550,1674
38560,1675
38572,1676
38583,1677
38610,1678
38625,1679
38635,1680
38647,1681
38663,1682
38674,1683
38702,1684
38731,1685
38746,1686
38762,1687
38776,1688
38821,1689
38838,1690
38851,1691
38864,1692
38876,1693
38916,1694
38927,1695
38946,1696
38957,1697
38966,1698
39046,1699
39062,1700
39079,1701
39094,1702
39113,1703
39140,1704
39154,1705
39166,1706
39177,1707
39193,1708
39210,1709
39236,1710
39296,1711
39320,1712
39335,1713
39348,1714
39362,1715
39406,1716
39429,1717
39455,1718
39466,1719
39482,1720
39521,1721
39535,1722
39563,1723
39573,1724
39630,1725
39648,1726
39664,1727
39705,1728
39744,1729
39756,1730
39776,1731
39827,1732
39845,1733
39870,1734
40008,1735
40022,1736
40040,1737
40055,1738
40065,1739
40078,1740
40119,1741
40146,1742
40162,1743
40202,1744
40211,1745
40220,1746
40232,1747
40253,1748
40269,1749
40289,1750
40298,1751
40324,1752
40346,1753
40358,1754
40374,1755
40392,1756
40434,1757
40456,1758
40484,1759
40507,1760
40517,1761
40555,1762
40583,1763
40619,1764
40737,1765
40769,1766
40816,1767
40830,1768
40856,1769
40903,1770
40935,1771
40958,1772
40988,1773
41008,1774
41022,1775
41042,1776
41054,1777
41072,1778
41091,1779
41102,1780
41141,1781
41168,1782
41189,1783
41230,1784
41257,1785
41301,1786
41352,1787
41397,1788
41477,1789
41522,1790
41539,1791
41557,1792
41571,1793
41616,1794
41643,1795
41666,1796
41723,1797
41746,1798
41773,1799
41817,1800
41833,1801
41845,1802
42002,1803
42029,1804
42041,1805
42055,1806
42071,1807
42088,1808
42128,1809
42151,1810
42166,1811
42211,1812
42234,1813
42262,1814
42288,1815
42325,1816
42339,1817
42354,1818
42371,1819
42408,1820
42440,1821
42456,1822
42502,1823
42553,1824
42633,1825
42702,1826
42722,1827
42743,1828
42762,1829
43004,1830
43015,1831
43027,1832
43040,1833
43056,1834
43069,1835
43080,1836
43103,1837
43115,1838
43130,1839
43145,1840
43154,1841
43199,1842
43211,1843
43221,1844
43232,1845
43271,1846
43315,1847
43325,1848
43338,1849
43349,1850
43406,1851
43431,1852
43441,1853
43456,1854
43468,1855
43515,1856
43525,1857
43535,1858
43549,1859
43560,1860
43605,1861
43616,1862
43660,1863
43711,1864
43724,1865
43735,1866
43752,1867
43764,1868
43779,1869
43803,1870
43830,1871
43901,1872
43913,1873
43928,1874
43939,1875
43948,1876
43967,1877
43981,1878
44010,1879
44030,1880
44046,1881
44057,1882
44073,1883
44087,1884
44099,1885
44109,1886
44118,1887
44128,1888
44137,1889
44146,1890
44194,1891
44212,1892
44231,1893
44243,1894
44264,1895
44280,1896
44304,1897
44315,1898
44372,1899
44410,1900
44422,1901
44432,1902
44444,1903
44455,1904
44486,1905
44505,1906
44515,1907
44613,1908
44625,1909
44637,1910
44648,1911
44661,1912
44672,1913
44683,1914
44699,1915
44711,1916
44802,1917
44817,1918
44833,1919
44845,1920
44856,1921
44870,1922
44888,1923
45001,1924
45018,1925
45044,1926
45063,1927
45102,1928
45118,1929
45135,1930
45154,1931
45166,1932
45202,1933
45212,1934
45221,1935
45231,1936
45240,1937
45249,1938
45263,1939
45275,1940
45305,1941
45316,1942
45326,1943
45337,1944
45347,1945
45359,1946
45371,1947
45384,1948
45405,1949
45419,1950
45432,1951
45458,1952
45502,1953
45617,1954
45630,1955
45645,1956
45657,1957
45673,1958
45684,1959
45696,1960
45715,1961
45732,1962
45745,1963
45770,1964
45782,1965
45805,1966
45816,1967
45831,1968
45843,1969
45855,1970
45866,1971
45875,1972
45886,1973
45897,1974
46016,1975
46037,1976
46050,1977
46063,1978
46075,1979
46107,1980
46122,1981
46133,1982
46150,1983
46163,1984
46175,1985
46202,1986
46214,1987
46225,1988
46236,1989
46250,1990
46266,1991
46285,1992
46304,1993
46324,1994
46349,1995
46371,1996
46382,1997
46402,1998
46502,1999
46516,2000
46536,2001
46546,2002
46563,2003
46582,2004
46619,2005
46699,2006
46714,2007
46740,2008
46759,2009
46771,2010
46782,2011
46793,2012
46804,2013
46819,2014
46856,2015
46866,2016
46901,2017
46916,2018
46930,2019
46941,2020
46957,2021
46971,2022
46986,2023
46998,2024
47018,2025
47031,2026
47041,2027
47111,2028
47123,2029
47134,2030
47145,2031
47165,2032
47201,2033
47228,2034
47243,2035
47264,2036
47283,2037
47324,2038
47338,2039
47352,2040
47362,2041
47380,2042
47392,2043
47406,2044
47432,2045
47445,2046
47457,2047
47469,2048
47520,2049
47532,2050
47550,2051
47567,2052
47581,2053
47601,2054
47620,2055
47640,2056
47701,2057
47712,2058
47724,2059
47736,2060
47805,2061
47837,2062
47850,2063
47861,2064
47874,2065
47885,2066
47916,2067
47928,2068
47944,2069
47958,2070
47969,2071
47983,2072
47993,2073
48006,2074
48025,2075
48036,2076
48045,2077
48060,2078
48070,2079
48081,2080
48092,2081
48104,2082
48114,2083
48125,2084
48137,2085
48151,2086
48164,2087
48176,2088
48187,2089
48201,2090
48211,2091
48221,2092
48231,2093
48242,2094
48272,2095
48304,2096
48314,2097
48324,2098
48333,2099
48348,2100
48366,2101
48382,2102
48411,2103
48421,2104
48434,2105
48445,2106
48458,2107
48469,2108
48503,2109
48551,2110
48604,2111
48614,2112
48624,2113
48634,2114
48650,2115
48661,2116
48706,2117
48726,2118
48737,2119
48747,2120
48760,2121
48787,2122
48813,2123
48824,2124
48835,2125
48846,2126
48856,2127
48867,2128
48879,2129
48889,2130
48906,2131
48918,2132
48980,2133
49009,2134
49018,2135
49028,2136
49038,2137
49050,2138
49062,2139
49073,2140
49083,2141
49093,2142
49103,2143
49119,2144
49203,2145
49233,2146
49245,2147
49255,2148
49266,2149
49279,2150
49301,2151
49312,2152
49323,2153
49335,2154
49345,2155
49403,2156
49415,2157
49425,2158
49437,2159
49450,2160
49460,2161
49506,2162
49519,2163
49560,2164
49616,2165
49627,2166
49637,2167
49649,2168
49663,2169
49676,2170
49688,2171
49710,2172
49720,2173
49729,2174
49743,2175
49755,2176
49766,2177
49780,2178
49792,2179
49806,2180
49820,2181
49835,2182
49848,2183
49864,2184
49877,2185
49891,2186
49908,2187
49920,2188
49938,2189
49958,2190
49969,2191
50010,2192
50027,2193
50038,2194
50049,2195
50061,2196
50071,2197
50103,2198
50115,2199
50126,2200
50136,2201
50146,2202
50156,2203
50167,2204
50208,2205
50220,2206
50232,2207
50242,2208
50254,2209
50265,2210
50277,2211
50309,2212
50319,2213
50330,2214
50360,2215
50391,2216
50421,2217
50434,2218
50448,2219
50458,2220
50470,2221
50480,2222
50516,2223
50526,2224
50538,2225
50551,2226
50563,2227
50575,2228
50588,2229
50601,2230
50612,2231
50625,2232
50635,2233
50649,2234
50660,2235
50671,2236
50701,2237
50836,2238
50848,2239
50862,2240
51002,2241
51012,2242
51025,2243
51036,2244
51048,2245
51060,2246
51106,2247
51237,2248
51247,2249
51341,2250
51357,2251
51432,2252
51446,2253
51458,2254
51501,2255
51527,2256
51537,2257
51549,2258
51559,2259
51572,2260
51601,2261
51645,2262
51656,2263
52036,2264
52046,2265
52060,2266
52074,2267
52134,2268
52151,2269
52163,2270
52201,2271
52211,2272
52221,2273
52233,2274
52246,2275
52301,2276
52314,2277
52325,2278
52336,2279
52348,2280
52361,2281
52409,2282
52534,2283
52550,2284
52562,2285
52572,2286
52586,2287
52621,2288
52637,2289
52648,2290
52658,2291
52729,2292
52742,2293
52754,2294
52767,2295
52801,2296
53002,2297
53013,2298
53023,2299
53036,2300
53048,2301
53060,2302
53072,2303
53082,2304
53094,2305
53108,2306
53125,2307
53139,2308
53150,2309
53167,2310
53182,2311
53192,2312
53207,2313
53216,2314
53225,2315
53263,2316
53402,2317
53505,2318
53518,2319
53530,2320
53541,2321
53551,2322
53562,2323
53575,2324
53585,2325
53597,2326
53711,2327
53774,2328
53790,2329
53806,2330
53818,2331
53913,2332
53928,2333
53939,2334
53950,2335
53960,2336
54003,2337
54015,2338
54027,2339
54111,2340
54125,2341
54138,2342
54154,2343
54169,2344
54202,2345
54214,2346
54229,2347
54247,2348
54313,2349
54408,2350
54418,2351
54429,2352
54441,2353
54454,2354
54465,2355
54476,2356
54489,2357
54511,2358
54525,2359
54538,2360
54550,2361
54562,2362
54611,2363
54622,2364
54631,2365
54642,2366
54653,2367
54664,2368
54721,2369
54731,2370
54741,2371
54754,2372
54764,2373
54774,2374
54818,2375
54830,2376
54842,2377
54854,2378
54867,2379
54888,2380
54904,2381
54922,2382
54934,2383
54945,2384
54961,2385
54971,2386
54984,2387
55008,2388
55019,2389
55032,2390
55045,2391
55057,2392
55072,2393
55082,2394
55102,2395
55112,2396
55122,2397
55133,2398
55175,2399
55308,2400
55318,2401
55329,2402
55339,2403
55349,2404
55360,2405
55370,2406
55380,2407
55390,2408
55403,2409
55412,2410
55421,2411
55430,2412
55439,2413
55448,2414
55470,2415
55485,2416
55568,2417
55577,2418
55598,2419
55612,2420
55707,2421
55719,2422
55732,2423
55746,2424
55758,2425
55772,2426
55786,2427
55801,2428
55812,2429
55909,2430
55924,2431
55936,2432
55949,2433
55960,2434
55971,2435
55983,2436
56007,2437
56021,2438
56031,2439
56043,2440
56055,2441
56069,2442
56082,2443
56096,2444
56117,2445
56129,2446
56142,2447
56153,2448
56165,2449
56175,2450
56207,2451
56219,2452
56229,2453
56243,2454
56256,2455
56270,2456
56282,2457
56294,2458
56309,2459
56319,2460
56330,2461
56341,2462
56354,2463
56364,2464
56377,2465
56389,2466
56431,2467
56443,2468
56456,2469
56470,2470
56501,2471
56520,2472
56533,2473
56544,2474
56554,2475
56568,2476
56578,2477
56589,2478
56626,2479
56639,2480
56654,2481
56667,2482
56679,2483
56701,2484
56723,2485
56734,2486
56750,2487
56762,2488
57001,2489
57014,2490
57026,2491
57036,2492
57047,2493
57058,2494
57069,2495
57103,2496
57118,2497
57216,2498
57227,2499
57241,2500
57255,2501
57265,2502
57278,2503
57321,2504
57332,2505
57346,2506
57361,2507
57371,2508
57384,2509
57426,2510
57437,2511
57450,2512
57466,2513
57477,2514
57531,2515
57544,2516
57563,2517
57576,2518
57623,2519
57639,2520
57651,2521
57702,2522
57720,2523
57744,2524
57758,2525
57770,2526
57787,2527
58004,2528
58016,2529
58035,2530
58048,2531
58060,2532
58072,2533
58104,2534
58201,2535
58212,2536
58227,2537
58239,2538
58256,2539
58269,2540
58281,2541
58323,2542
58339,2543
58355,2544
58369,2545
58385,2546
58421,2547
58433,2548
58448,2549
58464,2550
58480,2551
58494,2552
58507,2553
58533,2554
58554,2555
58568,2556
58580,2557
58627,2558
58642,2559
58653,2560
58710,2561
58727,2562
58744,2563
58760,2564
58773,2565
58787,2566
58830,2567
58852,2568
59007,2569
59019,2570
59031,2571
59041,2572
59055,2573
59066,2574
59075,2575
59086,2576
59106,2577
59201,2578
59222,2579
59244,2580
59258,2581
59276,2582
59319,2583
59337,2584
59353,2585
59411,2586
59424,2587
59441,2588
59452,2589
59465,2590
59480,2591
59521,2592
59531,2593
59547,2594
59631,2595
59640,2596
59702,2597
59718,2598
59730,2599
59745,2600
59755,2601
59801,2602
59823,2603
59833,2604
59846,2605
59860,2606
59873,2607
59914,2608
59925,2609
59935,2610
60008,2611
60018,2612
60033,2613
60044,2614
60060,2615
60072,2616
60084,2617
60095,2618
60106,2619
60117,2620
60130,2621
60140,2622
60152,2623
60163,2624
60176,2625
60187,2626
60197,2627
60303,2628
60408,2629
60421,2630
60433,2631
60444,2632
60454,2633
60464,2634
60474,2635
60487,2636
60510,2637
60520,2638
60534,2639
60545,2640
60556,2641
60567,2642
60605,2643
60616,2644
60628,2645
60640,2646
60653,2647
60669,2648
60685,2649
60697,2650
60827,2651
60919,2652
60930,2653
60941,2654
60953,2655
60963,2656
61006,2657
61018,2658
61032,2659
61047,2660
61060,2661
61072,2662
61084,2663
61105,2664
61115,2665
61231,2666
61240,2667
61257,2668
61270,2669
61282,2670
61314,2671
61324,2672
61334,2673
61346,2674
61361,2675
61373,2676
61411,2677
61421,2678
61432,2679
61442,2680
61455,2681
61470,2682
61480,2683
61501,2684
61529,2685
61540,2686
61552,2687
61564,2688
61603,2689
61615,2690
61638,2691
61656,2692
61723,2693
61733,2694
61743,2695
61754,2696
61771,2697
61799,2698
61816,2699
61831,2700
61845,2701
61855,2702
61870,2703
61882,2704
61920,2705
61937,2706
61955,2707
62013,2708
62024,2709
62035,2710
62050,2711
62062,2712
62077,2713
62087,2714
62098,2715
62208,2716
62222,2717
62236,2718
62246,2719
62257,2720
62266,2721
62279,2722
62293,2723
62314,2724
62330,2725
62346,2726
62358,2727
62373,2728
62413,2729
62425,2730
62438,2731
62448,2732
62462,2733
62474,2734
62512,2735
62523,2736
62536,2737
62547,2738
62558,2739
62573,2740
62622,2741
62634,2742
62651,2743
62666,2744
62681,2745
62693,2746
62707,2747
62726,2748
62765,2749
62794,2750
62812,2751
62823,2752
62834,2753
62844,2754
62856,2755
62867,2756
62878,2757
62888,2758
62897,2759
62909,2760
62921,2761
62933,2762
62947,2763
62957,2764
62967,2765
62979,2766
62994,2767
63012,2768
63022,2769
63033,2770
63043,2771
63053,2772
63070,2773
63087,2774
63104,2775
63112,2776
63120,2777
63129,2778
63138,2779
63147,2780
63163,2781
63179,2782
63302,2783
63339,2784
63350,2785
63365,2786
63378,2787
63387,2788
63435,2789
63446,2790
63458,2791
63468,2792
63533,2793
63544,2794
63557,2795
63620,2796
63629,2797
63645,2798
63663,2799
63702,2800
63742,2801
63752,2802
63770,2803
63784,2804
63826,2805
63840,2806
63853,2807
63869,2808
63881,2809
63937,2810
63951,2811
63964,2812
64015,2813
64029,2814
64052,2815
64063,2816
64073,2817
64083,2818
64097,2819
64111,2820
64121,2821
64131,2822
64144,2823
64153,2824
64165,2825
64187,2826
64402,2827
64430,2828
64441,2829
64454,2830
64467,2831
64479,2832
64490,2833
64502,2834
64622,2835
64636,2836
64646,2837
64656,2838
64671,2839
64686,2840
64728,2841
64743,2842
64759,2843
64772,2844
64801,2845
64836,2846
64853,2847
64864,2848
65010,2849
65025,2850
65041,2851
65053,2852
65066,2853
65078,2854
65103,2855
65201,2856
65230,2857
65246,2858
65259,2859
65276,2860
65287,2861
65324,2862
65336,2863
65350,2864
65439,2865
65457,2866
65479,2867
65542,2868
65560,2869
65584,2870
65606,2871
65616,2872
65627,2873
65638,2874
65652,2875
65663,2876
65676,2877
65692,2878
65713,2879
65726,2880
65737,2881
65752,2882
65764,2883
65774,2884
65787,2885
65805,2886
65897,2887
66014,2888
66026,2889
66041,2890
66051,2891
66064,2892
66079,2893
66093,2894
66106,2895
66119,2896
66209,2897
66219,2898
66251,2899
66406,2900
66417,2901
66428,2902
66442,2903
66509,2904
66522,2905
66535,2906
66546,2907
66605,2908
66616,2909
66629,2910
66712,2911
66733,2912
66746,2913
66759,2914
66773,2915
66801,2916
66845,2917
66857,2918
66868,2919
66935,2920
66945,2921
66959,2922
67001,2923
67016,2924
67026,2925
67041,2926
67055,2927
67066,2928
67103,2929
67114,2930
67132,2931
67146,2932
67201,2933
67211,2934
67221,2935
67276,2936
67336,2937
67351,2938
67364,2939
67425,2940
67441,2941
67451,2942
67466,2943
67481,2944
67502,2945
67518,2946
67543,2947
67556,2948
67568,2949
67583,2950
67629,2951
67643,2952
67654,2953
67667,2954
67732,2955
67743,2956
67757,2957
67837,2958
67850,2959
67863,2960
67878,2961
67954,2962
68014,2963
68026,2964
68039,2965
68055,2966
68066,2967
68103,2968
68114,2969
68128,2970
68142,2971
68176,2972
68305,2973
68319,2974
68329,2975
68340,2976
68350,2977
68362,2978
68376,2979
68404,2980
68418,2981
68431,2982
68443,2983
68456,2984
68467,2985
68510,2986
68526,2987
68601,2988
68629,2989
68641,2990
68654,2991
68666,2992
68716,2993
68727,2994
68739,2995
68752,2996
68764,2997
68776,2998
68787,2999
68812,3000
68823,3001
68835,3002
68846,3003
68858,3004
68870,3005
68882,3006
68927,3007
68938,3008
68948,3009
68960,3010
68974,3011
69020,3012
69030,3013
69042,3014
69123,3015
69135,3016
69148,3017
69160,3018
69171,3019
69219,3020
69339,3021
69351,3022
69361,3023
70005,3024
70036,3025
70047,3026
70056,3027
70067,3028
70076,3029
70085,3030
70097,3031
70121,3032
70130,3033
70150,3034
70160,3035
70172,3036
70183,3037
70302,3038
70346,3039
70360,3040
70377,3041
70397,3042
70427,3043
70441,3044
70450,3045
70459,3046
70469,3047
70507,3048
70516,3049
70525,3050
70537,3051
70549,3052
70562,3053
70580,3054
70592,3055
70609,3056
70633,3057
70647,3058
70658,3059
70669,3060
70718,3061
70729,3062
70740,3063
70754,3064
70764,3065
70775,3066
70786,3067
70803,3068
70810,3069
70817,3070
70825,3071
70837,3072
70893,3073
71004,3074
71024,3075
71037,3076
71049,3077
71064,3078
71075,3079
71105,3080
71115,3081
71136,3082
71154,3083
71172,3084
71213,3085
71227,3086
71241,3087
71254,3088
71270,3089
71282,3090
71303,3091
71324,3092
71336,3093
71351,3094
71361,3095
71373,3096
71409,3097
71423,3098
71433,3099
71448,3100
71459,3101
71471,3102
71486,3103
71630,3104
71647,3105
71660,3106
71675,3107
71725,3108
71747,3109
71762,3110
71822,3111
71835,3112
71847,3113
71861,3114
71909,3115
71932,3116
71949,3117
71962,3118
71998,3119
72011,3120
72021,3121
72031,3122
72041,3123
72053,3124
72066,3125
72078,3126
72088,3127
72108,3128
72118,3129
72128,3130
72139,3131
72156,3132
72170,3133
72190,3134
72209,3135
72221,3136
72303,3137
72321,3138
72331,3139
72342,3140
72358,3141
72372,3142
72389,3143
72403,3144
72419,3145
72431,3146
72442,3147
72455,3148
72466,3149
72476,3150
72519,3151
72529,3152
72540,3153
72555,3154
72568,3155
72581,3156
72616,3157
72632,3158
72644,3159
72659,3160
72675,3161
72702,3162
72718,3163
72734,3164
72745,3165
72761,3166
72774,3167
72826,3168
72838,3169
72853,3170
72902,3171
72917,3172
72933,3173
72945,3174
72957,3175
73008,3176
73018,3177
73028,3178
73041,3179
73052,3180
73063,3181
73073,3182
73085,3183
73099,3184
73109,3185
73118,3186
73127,3187
73137,3188
73147,3189
73156,3190
73169,3191
73190,3192
73430,3193
73441,3194
73455,3195
73491,3196
73523,3197
73536,3198
73547,3199
73557,3200
73568,3201
73625,3202
73645,3203
73660,3204
73701,3205
73724,3206
73736,3207
73749,3208
73761,3209
73801,3210
73848,3211
73932,3212
73949,3213
74008,3214
74019,3215
74031,3216
74043,3217
74054,3218
74067,3219
74078,3220
74104,3221
74119,3222
74134,3223
74152,3224
74182,3225
74337,3226
74349,3227
74364,3228
74421,3229
74432,3230
74444,3231
74457,3232
74468,3233
74522,3234
74536,3235
74554,3236
74565,3237
74601,3238
74641,3239
74720,3240
74731,3241
74745,3242
74760,3243
74824,3244
74836,3245
74850,3246
74865,3247
74880,3248
74936,3249
74947,3250
74960,3251
75009,3252
75021,3253
75032,3254
75044,3255
75054,3256
75068,3257
75081,3258
75092,3259
75105,3260
75120,3261
75137,3262
75149,3263
75159,3264
75172,3265
75203,3266
75215,3267
75226,3268
75237,3269
75250,3270
75266,3271
75312,3272
75357,3273
75376,3274
75394,3275
75410,3276
75421,3277
75433,3278
75443,3279
75454,3280
75469,3281
75479,3282
75490,3283
75504,3284
75560,3285
75571,3286
75606,3287
75639,3288
75652,3289
75663,3290
75682,3291
75693,3292
75710,3293
75757,3294
75771,3295
75788,3296
75803,3297
75845,3298
75856,3299
75884,3300
75929,3301
75939,3302
75956,3303
75966,3304
75979,3305
76008,3306
76018,3307
76035,3308
76051,3309
76064,3310
76082,3311
76096,3312
76107,3313
76116,3314
76126,3315
76136,3316
76163,3317
76191,3318
76203,3319
76228,3320
76246,3321
76259,3322
76271,3323
76309,3324
76365,3325
76379,3326
76427,3327
76442,3328
76454,3329
76465,3330
76476,3331
76502,3332
76524,3333
76538,3334
76550,3335
76567,3336
76597,3337
76629,3338
76639,3339
76651,3340
76665,3341
76681,3342
76693,3343
76711,3344
76803,3345
76832,3346
76852,3347
76864,3348
76877,3349
76890,3350
76930,3351
76943,3352
77002,3353
77012,3354
77022,3355
77032,3356
77042,3357
77052,3358
77062,3359
77072,3360
77082,3361
77092,3362
77204,3363
77216,3364
77227,3365
77240,3366
77253,3367
77266,3368
77279,3369
77293,3370
77316,3371
77334,3372
77344,3373
77355,3374
77365,3375
77377,3376
77387,3377
77406,3378
77419,3379
77433,3380
77445,3381
77455,3382
77466,3383
77477,3384
77486,3385
77498,3386
77511,3387
77522,3388
77539,3389
77552,3390
77566,3391
77580,3392
77591,3393
77617,3394
77631,3395
77655,3396
77670,3397
77713,3398
77808,3399
77841,3400
77857,3401
77870,3402
77882,3403
77960,3404
77973,3405
77986,3406
78002,3407
78012,3408
78024,3409
78044,3410
78059,3411
78070,3412
78107,3413
78118,3414
78133,3415
78148,3416
78162,3417
78208,3418
78218,3419
78228,3420
78237,3421
78247,3422
78257,3423
78269,3424
78291,3425
78332,3426
78344,3427
78359,3428
78371,3429
78382,3430
78402,3431
78411,3432
78426,3433
78472,3434
78522,3435
78542,3436
78557,3437
78567,3438
78578,3439
78590,3440
78599,3441
78612,3442
78622,3443
78632,3444
78643,3445
78655,3446
78664,3447
78675,3448
78703,3449
78716,3450
78727,3451
78737,3452
78750,3453
78761,3454
78774,3455
78830,3456
78842,3457
78871,3458
78886,3459
78943,3460
78953,3461
79002,3462
79014,3463
79029,3464
79042,3465
79057,3466
79070,3467
79084,3468
79096,3469
79108,3470
79121,3471
79201,3472
79233,3473
79245,3474
79259,3475
79325,3476
79344,3477
79358,3478
79372,3479
79401,3480
79412,3481
79457,3482
79505,3483
79520,3484
79534,3485
79545,3486
79562,3487
79606,3488
79705,3489
79719,3490
79740,3491
79755,3492
79766,3493
79782,3494
79834,3495
79847,3496
79902,3497
79913,3498
79925,3499
79936,3500
79947,3501
79960,3502
79998,3503
80011,3504
80021,3505
80033,3506
80045,3507
80108,3508
80120,3509
80129,3510
80150,3511
80201,3512
80211,3513
80222,3514
80232,3515
80244,3516
80259,3517
80274,3518
80304,3519
80403,3520
80428,3521
80439,3522
80452,3523
80466,3524
80477,3525
80498,3526
80515,3527
80526,3528
80538,3529
80549,3530
80614,3531
80638,3532
80650,3533
80723,3534
80736,3535
80749,3536
80804,3537
80815,3538
80825,3539
80835,3540
80866,3541
80908,3542
80916,3543
80924,3544
80932,3545
80941,3546
80960,3547
81004,3548
81020,3549
81034,3550
81047,3551
81063,3552
81084,3553
81122,3554
81133,3555
81146,3556
81201,3557
81224,3558
81236,3559
81251,3560
81324,3561
81334,3562
81416,3563
81428,3564
81502,3565
81524,3566
81620,3567
81635,3568
81646,3569
81657,3570
82010,3571
82061,3572
82190,3573
82221,3574
82244,3575
82331,3576
82420,3577
82434,3578
82513,3579
82605,3580
82639,3581
82711,3582
82725,3583
82834,3584
82901,3585
82933,3586
82943,3587
83101,3588
83120,3589
83203,3590
83215,3591
83230,3592
83243,3593
83256,3594
83281,3595
83313,3596
83327,3597
83340,3598
83352,3599
83406,3600
83428,3601
83442,3602
83454,3603
83469,3604
83533,3605
83545,3606
83602,3607
83617,3608
83631,3609
83642,3610
83653,3611
83671,3612
83705,3613
83717,3614
83756,3615
83810,3616
83824,3617
83837,3618
83848,3619
83858,3620
83871,3621
84005,3622
84015,3623
84026,3624
84037,3625
84047,3626
84058,3627
84068,3628
84079,3629
84088,3630
84098,3631
84108,3632
84116,3633
84124,3634
84132,3635
84145,3636
84165,3637
84244,3638
84310,3639
84320,3640
84330,3641
84340,3642
84414,3643
84520,3644
84532,3645
84601,3646
84626,3647
84636,3648
84647,3649
84660,3650
84713,3651
84724,3652
84735,3653
84745,3654
84756,3655
84765,3656
84776,3657
85001,3658
85011,3659
85021,3660
85031,3661
85041,3662
85054,3663
85069,3664
85080,3665
85119,3666
85137,3667
85173,3668
85207,3669
85224,3670
85249,3671
85258,3672
85268,3673
85284,3674
85302,3675
85311,3676
85327,3677
85338,3678
85348,3679
85358,3680
85369,3681
85379,3682
85395,3683
85536,3684
85548,3685
85606,3686
85617,3687
85627,3688
85637,3689
85650,3690
85702,3691
85713,3692
85724,3693
85737,3694
85748,3695
85902,3696
85928,3697
85938,3698
86011,3699
86024,3700
86035,3701
86046,3702
86312,3703
86325,3704
86337,3705
86402,3706
86426,3707
86436,3708
86445,3709
86511,3710
86547,3711
87009,3712
87020,3713
87029,3714
87041,3715
87051,3716
87064,3717
87105,3718
87114,3719
87124,3720
87181,3721
87195,3722
87311,3723
87322,3724
87365,3725
87417,3726
87502,3727
87512,3728
87522,3729
87532,3730
87545,3731
87558,3732
87573,3733
87582,3734
87714,3735
87732,3736
87747,3737
87825,3738
87933,3739
88001,3740
88011,3741
88028,3742
88040,3743
88051,3744
88065,3745
88116,3746
88130,3747
88211,3748
88250,3749
88267,3750
88321,3751
88340,3752
88350,3753
88415,3754
88430,3755
88513,3756
88526,3757
88538,3758
88549,3759
88562,3760
88574,3761
88585,3762
89002,3763
89012,3764
89022,3765
89032,3766
89044,3767
89061,3768
89087,3769
89110,3770
89120,3771
89130,3772
89140,3773
89150,3774
89160,3775
89177,3776
89301,3777
89403,3778
89413,3779
89425,3780
89435,3781
89447,3782
89502,3783
89513,3784
89599,3785
89712,3786
89821,3787
89834,3788
90007,3789
90015,3790
90023,3791
90031,3792
90039,3793
90047,3794
90055,3795
90063,3796
90071,3797
90079,3798
90088,3799
90099,3800
90213,3801
90233,3802
90250,3803
90265,3804
90278,3805
90301,3806
90310,3807
90406,3808
90504,3809
90603,3810
90621,3811
90638,3812
90670,3813
90710,3814
90721,3815
90744,3816
90803,3817
90814,3818
90842,3819
91003,3820
91017,3821
91040,3822
91103,3823
91115,3824
91129,3825
91203,3826
91221,3827
91305,3828
91319,3829
91329,3830
91342,3831
91353,3832
91362,3833
91380,3834
91390,3835
91404,3836
91413,3837
91499,3838
91510,3839
91604,3840
91612,3841
91706,3842
91722,3843
91734,3844
91745,3845
91756,3846
91767,3847
91778,3848
91792,3849
91902,3850
91913,3851
91934,3852
91950,3853
91987,3854
92014,3855
92026,3856
92039,3857
92057,3858
92068,3859
92081,3860
92093,3861
92108,3862
92117,3863
92127,3864
92137,3865
92150,3866
92163,3867
92173,3868
92187,3869
92199,3870
92225,3871
92236,3872
92249,3873
92258,3874
92268,3875
92281,3876
92305,3877
92314,3878
92323,3879
92334,3880
92342,3881
92356,3882
92368,3883
92377,3884
92392,3885
92402,3886
92411,3887
92503,3888
92515,3889
92532,3890
92551,3891
92563,3892
92584,3893
92595,3894
92610,3895
92624,3896
92647,3897
92656,3898
92673,3899
92685,3900
92701,3901
92712,3902
92804,3903
92816,3904
92835,3905
92845,3906
92864,3907
92879,3908
93002,3909
93013,3910
93031,3911
93043,3912
93067,3913
93107,3914
93120,3915
93201,3916
93215,3917
93226,3918
93241,3919
93252,3920
93265,3921
93277,3922
93291,3923
93309,3924
93387,3925
93406,3926
93422,3927
93432,3928
93441,3929
93449,3930
93457,3931
93501,3932
93517,3933
93530,3934
93543,3935
93554,3936
93584,3937
93603,3938
93613,3939
93624,3940
93636,3941
93646,3942
93657,3943
93670,3944
93708,3945
93720,3946
93730,3947
93761,3948
93778,3949
93901,3950
93921,3951
93933,3952
93960,3953
94017,3954
94026,3955
94041,3956
94065,3957
94087,3958
94105,3959
94112,3960
94119,3961
94125,3962
94131,3963
94140,3964
94146,3965
94161,3966
94203,3967
94230,3968
94245,3969
94258,3970
94273,3971
94285,3972
94295,3973
94305,3974
94502,3975
94512,3976
94521,3977
94530,3978
94541,3979
94550,3980
94561,3981
94570,3982
94579,3983
94590,3984
94602,3985
94612,3986
94623,3987
94703,3988
94801,3989
94850,3990
94923,3991
94937,3992
94949,3993
94963,3994
94976,3995
95005,3996
95014,3997
95026,3998
95039,3999
95051,4000
95063,4001
95076,4002
95112,4003
95122,4004
95131,4005
95141,4006
95157,4007
95190,4008
95204,4009
95213,4010
95226,4011
95236,4012
95249,4013
95269,4014
95309,4015
95319,4016
95328,4017
95340,4018
95352,4019
95363,4020
95373,4021
95382,4022
95401,4023
95412,4024
95423,4025
95433,4026
95446,4027
95458,4028
95467,4029
95481,4030
95494,4031
95521,4032
95536,4033
95548,4034
95558,4035
95569,4036
95603,4037
95612,4038
95623,4039
95632,4040
95641,4041
95654,4042
95664,4043
95673,4044
95683,4045
95692,4046
95709,4047
95724,4048
95757,4049
95811,4050
95820,4051
95829,4052
95838,4053
95864,4054
95912,4055
95923,4056
95935,4057
95945,4058
95956,4059
95967,4060
95977,4061
95988,4062
96009,4063
96021,4064
96032,4065
96046,4066
96057,4067
96069,4068
96084,4069
96094,4070
96107,4071
96117,4072
96127,4073
96140,4074
96152,4075
96208,4076
96708,4077
96719,4078
96731,4079
96743,4080
96753,4081
96764,4082
96774,4083
96785,4084
96797,4085
96809,4086
96818,4087
96828,4088
96846,4089
96859,4090
96950,4091
97005,4092
97015,4093
97024,4094
97034,4095
97044,4096
97056,4097
97068,4098
97089,4099
97112,4100
97122,4101
97133,4102
97144,4103
97204,4104
97213,4105
97222,4106
97232,4107
97253,4108
97281,4109
97296,4110
97309,4111
97325,4112
97339,4113
97351,4114
97366,4115
97377,4116
97390,4117
97406,4118
97416,4119
97432,4120
97443,4121
97454,4122
97465,4123
97478,4124
97491,4125
97502,4126
97527,4127
97537,4128
97603,4129
97630,4130
97641,4131
97720,4132
97737,4133
97758,4134
97818,4135
97833,4136
97843,4137
97862,4138
97876,4139
97903,4140
97914,4141
98007,4142
98020,4143
98030,4144
98040,4145
98053,4146
98065,4147
98083,4148
98106,4149
98116,4150
98131,4151
98154,4152
98175,4153
98199,4154
98221,4155
98230,4156
98241,4157
98252,4158
98262,4159
98274,4160
98283,4161
98294,4162
98314,4163
98328,4164
98339,4165
98351,4166
98361,4167
98371,4168
98382,4169
98393,4170
98405,4171
98417,4172
98439,4173
98467,4174
98502,4175
98513,4176
98532,4177
98542,4178
98556,4179
98565,4180
98577,4181
98588,4182
98601,4183
98612,4184
98623,4185
98638,4186
98648,4187
98666,4188
98684,4189
98814,4190
98827,4191
98840,4192
98851,4193
98901,4194
98923,4195
98938,4196
98950,4197
99009,4198
99020,4199
99032,4200
99104,4201
99117,4202
99129,4203
99140,4204
99152,4205
99161,4206
99176,4207
99206,4208
99216,4209
99256,4210
99324,4211
99341,4212
99353,4213
99371,4214
99505,4215
99513,4216
99520,4217
99540,4218
99552,4219
99561,4220
99571,4221
99579,4222
99589,4223
99606,4224
99614,4225
99625,4226
99633,4227
99641,4228
99651,4229
99659,4230
99667,4231
99676,4232
99684,4233
99692,4234
99704,4235
99711,4236
99724,4237
99733,4238
99742,4239
99751,4240
99759,4241
99767,4242
99775,4243
99784,4244
99802,4245
99825,4246
99836,4247
99919,4248
99928,4249
99950,4250
